x <- 1
x <- 2
x <- 4343436767678787878821321312312312313131321