x <- 1
x <- 2
x <- 43434367676787
x <- "我是push"

#dadawdawdawdawdawdawdwadwadawd
#啊大王大王大
