x <- 1
x <- 2
x <- 43434367676787878788