x <- 1
x <- 2
x <- 43434367676787


#dadawdawdawdawdawdawdwadwadawd
#啊大王大王大
